# Created by Octave 4.2.2, Fri Jan 15 05:33:27 2021 -03 <rodrigo@TheOverman2>
# name: v
# type: matrix
# rows: 10
# columns: 1
 399900
 329900
 369000
 232000
 539900
 299900
 314900
 198999
 212000
 242500


